0 0 0 0 0
1 0.0010002 0.0010002 0 0
2 0.0060002 0.0060002 0 0
3 0.0310002 0.0310002 0 0
4 0.0817691 0.0817691 0 0
5 0.131515 0.131515 0 0
6 0.180411 0.180411 0 0
7 0.230851 0.230851 0 0
8 0.286364 0.286364 0 0
9 0.350617 0.350617 0 0
10 0.428219 0.428219 0 0
11 0.52612 0.52612 0 0
12 0.656435 0.656435 0 0
13 0.84181 0.84181 0 0
14 1.10668 1.10668 0 0
15 1.29098 1.29098 0 0
16 1.42199 1.42199 0 0
17 1.57205 1.57205 0 0
18 1.7286 1.7286 0 0
19 1.88044 1.88044 0 0
20 2.03088 2.03088 0 0
21 2.18447 2.18447 0 0
22 2.34074 2.34074 0 0
23 2.49781 2.49781 0 0
24 2.65598 2.65598 0 0
25 2.81597 2.81597 0 0
26 2.97789 2.97789 0 0
27 3.14157 3.14157 0 0
28 3.30707 3.30707 0 0
29 3.47454 3.47454 0 0
30 3.64409 3.64409 0 0
31 3.81596 3.81596 0 0
32 3.98996 3.98996 0 0
33 4.16643 4.16643 0 0
34 4.34526 4.34526 0 0
35 4.52649 4.52649 0 0
36 4.7104 4.7104 0 0
37 4.89713 4.89713 0 0
38 5.08663 5.08663 0 0
39 5.27896 5.27896 0 0
40 5.47444 5.47444 0 0
41 5.67305 5.67305 0 0
42 5.87472 5.87472 0 0
43 6.07975 6.07975 0 0
44 6.28846 6.28846 0 0
45 6.50069 6.50069 0 0
46 6.7165 6.7165 0 0
47 6.93627 6.93627 0 0
48 7.16001 7.16001 0 0
49 7.38785 7.38785 0 0
50 7.61998 7.61998 0 0
51 7.85675 7.85675 0 0
52 8.09805 8.09805 0 0
53 8.34401 8.34401 0 0
54 8.59489 8.59489 0 0
55 8.85109 8.85109 0 0
56 9.11286 9.11286 0 0
57 9.37989 9.37989 0 0
58 9.65289 9.65289 0 0
59 9.93191 9.93191 0 0
60 10.2171 10.2171 0 0
61 10.5088 10.5088 0 0
62 10.8071 10.8071 0 0
63 11.1125 11.1125 0 0
64 11.4239 11.4239 0 0
65 11.7138 11.7138 0 0
66 12.0229 12.0229 0 0
67 12.3523 12.3523 0 0
68 12.685 12.685 0 0
69 13.0184 13.0184 0 0
70 13.3588 13.3588 0 0
71 13.7082 13.7082 0 0
72 14.0637 14.0637 0 0
73 14.4237 14.4237 0 0
74 14.7892 14.7892 0 0
75 15.1604 15.1604 0 0
76 15.5368 15.5368 0 0
77 15.9181 15.9181 0 0
78 16.3044 16.3044 0 0
79 16.6954 16.6954 0 0
80 17.0913 17.0913 0 0
81 17.4919 17.4919 0 0
82 17.8972 17.8972 0 0
83 18.3073 18.3073 0 0
84 18.7219 18.7219 0 0
85 19.1411 19.1411 0 0
86 19.5651 19.5651 0 0
87 19.9934 19.9934 0 0
88 20.4262 20.4262 0 0
89 20.8637 20.8637 0 0
90 21.3055 21.3055 0 0
91 21.7518 21.7518 0 0
92 22.2025 22.2025 0 0
93 22.6575 22.6575 0 0
94 23.1169 23.1169 0 0
95 23.5806 23.5806 0 0
96 24.0486 24.0486 0 0
97 24.5209 24.5209 0 0
98 24.9975 24.9975 0 0
99 25.4784 25.4784 0 0
100 25.9635 25.9635 0 0
101 26.4529 26.4529 0 0
102 26.9465 26.9465 0 0
103 27.4445 27.4445 0 0
104 27.9467 27.9467 0 0
105 28.4532 28.4532 0 0
106 28.964 28.964 0 0
107 29.4791 29.4791 0 0
108 29.9986 29.9986 0 0
109 30.5169 30.5169 0 0
110 31.0376 31.0376 0 0
111 31.5658 31.5658 0 0
112 32.1011 32.1011 0 0
113 32.641 32.641 0 0
114 33.184 33.184 0 0
115 33.7311 33.7311 0 0
116 34.2842 34.2842 0 0
117 34.8438 34.8438 0 0
118 35.4091 35.4091 0 0
119 35.9797 35.9797 0 0
120 36.5561 36.5561 0 0
121 37.1398 37.1398 0 0
122 37.7313 37.7313 0 0
123 38.3311 38.3311 0 0
124 38.9355 38.9355 0 0
125 39.5277 39.5277 0 0
126 40.1105 40.1105 0 0
127 40.6861 40.6861 0 0
128 41.2545 41.2545 0 0
129 41.8159 41.8159 0 0
130 42.3707 42.3707 0 0
131 42.9191 42.9191 0 0
132 43.4612 43.4612 0 0
133 43.9972 43.9972 0 0
134 44.5276 44.5276 0 0
135 45.0524 45.0524 0 0
136 45.5718 45.5718 0 0
137 46.086 46.086 0 0
138 46.5951 46.5951 0 0
139 47.0994 47.0994 0 0
140 47.5987 47.5987 0 0
141 48.0936 48.0936 0 0
142 48.5841 48.5841 0 0
143 49.0701 49.0701 0 0
144 49.5518 49.5518 0 0
145 50.0295 50.0295 0 0
146 50.5033 50.5033 0 0
147 50.973 50.973 0 0
148 51.4389 51.4389 0 0
149 51.9013 51.9013 0 0
150 52.3599 52.3599 0 0
151 52.8149 52.8149 0 0
152 53.2667 53.2667 0 0
153 53.715 53.715 0 0
154 54.1599 54.1599 0 0
155 54.6018 54.6018 0 0
156 55.0404 55.0404 0 0
157 55.476 55.476 0 0
158 55.9085 55.9085 0 0
159 56.3382 56.3382 0 0
160 56.7648 56.7648 0 0
161 57.1887 57.1887 0 0
162 57.6099 57.6099 0 0
163 58.0283 58.0283 0 0
164 58.4441 58.4441 0 0
165 58.8572 58.8572 0 0
166 59.2677 59.2677 0 0
167 59.6758 59.6758 0 0
168 60.0913 60.0913 0 0
169 60.5103 60.5103 0 0
170 60.9431 60.9431 0 0
171 61.5772 61.5772 0 0
172 62.4126 62.4126 0 0
173 62.9725 62.9725 0 0
174 63.5957 63.5957 0 0
175 64.3298 64.3298 0 0
176 64.935 64.935 0 0
177 65.5706 65.5706 0 0
178 66.2432 66.2432 0 0
179 66.903 66.903 0 0
180 67.508 67.508 0 0
181 68.0791 68.0791 0 0
182 68.6746 68.6746 0 0
183 69.3229 69.3229 0 0
184 69.9783 69.9783 0 0
185 70.575 70.575 0 0
186 71.1165 71.1165 0 0
187 71.6686 71.6686 0 0
188 72.2869 72.2869 0 0
189 72.942 72.942 0 0
190 73.4569 73.4569 0 0
191 73.989 73.989 0 0
192 74.601 74.601 0 0
193 75.1864 75.1864 0 0
194 75.7826 75.7826 0 0
195 76.351 76.351 0 0
196 76.8822 76.8822 0 0
197 77.4089 77.4089 0 0
198 77.9691 77.9691 0 0
199 78.5587 78.5587 0 0
200 79.1274 79.1274 0 0
201 79.6444 79.6444 0 0
202 80.1389 80.1389 0 0
203 80.6669 80.6669 0 0
204 81.2472 81.2472 0 0
205 81.7591 81.7591 0 0
206 82.2822 82.2822 0 0
207 82.8252 82.8252 0 0
208 83.3674 83.3674 0 0
209 83.8826 83.8826 0 0
210 84.3739 84.3739 0 0
211 84.8716 84.8716 0 0
212 85.3992 85.3992 0 0
213 85.9404 85.9404 0 0
214 86.454 86.454 0 0
215 86.9284 86.9284 0 0
216 87.3972 87.3972 0 0
217 87.9025 87.9025 0 0
218 88.4436 88.4436 0 0
219 88.9075 88.9075 0 0
220 89.3809 89.3809 0 0
221 89.4612 89.4612 0 0
222 89.607 89.607 0 0
223 89.7548 89.7548 0 0
224 89.9032 89.9032 0 0
225 90.0491 90.0491 0 0
226 90.1915 90.1915 0 0
227 90.3402 90.3402 0 0
228 90.532 90.532 0 0
229 90.7753 90.7753 0 0
230 91.1052 91.1052 0 0
231 91.5402 91.5402 0 0
232 91.944 91.944 0 0
233 92.3579 92.3579 0 0
234 92.7618 92.7618 0 0
235 93.1442 93.1442 0 0
236 93.5182 93.5182 0 0
237 93.9077 93.9077 0 0
238 94.3191 94.3191 0 0
239 94.728 94.728 0 0
240 95.1076 95.1076 0 0
241 95.4648 95.4648 0 0
242 95.8337 95.8337 0 0
243 96.2381 96.2381 0 0
244 96.6572 96.6572 0 0
245 96.9997 96.9997 0 0
246 97.3492 97.3492 0 0
247 97.7471 97.7471 0 0
248 98.1785 98.1785 0 0
249 98.5051 98.5051 0 0
250 98.8469 98.8469 0 0
251 99.2508 99.2508 0 0
252 99.6364 99.6364 0 0
253 100.032 100.032 0 0
254 100.405 100.405 0 0
255 100.748 100.748 0 0
256 101.089 101.089 0 0
257 101.461 101.461 0 0
258 101.863 101.863 0 0
259 102.199 102.199 0 0
260 102.544 102.544 0 0
261 102.923 102.923 0 0
262 103.319 103.319 0 0
263 103.642 103.642 0 0
264 103.972 103.972 0 0
265 104.348 104.348 0 0
266 104.753 104.753 0 0
267 105.062 105.062 0 0
268 105.384 105.384 0 0
269 105.764 105.764 0 0
270 106.129 106.129 0 0
271 106.503 106.503 0 0
272 106.855 106.855 0 0
273 107.177 107.177 0 0
274 107.499 107.499 0 0
275 107.852 107.852 0 0
276 108.234 108.234 0 0
277 108.55 108.55 0 0
278 108.875 108.875 0 0
279 109.234 109.234 0 0
280 109.612 109.612 0 0
281 109.915 109.915 0 0
282 110.226 110.226 0 0
283 110.584 110.584 0 0
284 110.972 110.972 0 0
285 111.26 111.26 0 0
286 111.563 111.563 0 0
287 111.926 111.926 0 0
288 112.273 112.273 0 0
289 112.631 112.631 0 0
290 112.965 112.965 0 0
291 113.27 113.27 0 0
292 113.573 113.573 0 0
293 113.908 113.908 0 0
294 114.274 114.274 0 0
295 114.572 114.572 0 0
296 114.88 114.88 0 0
297 115.224 115.224 0 0
298 115.586 115.586 0 0
299 115.87 115.87 0 0
300 116.164 116.164 0 0
301 116.506 116.506 0 0
302 116.881 116.881 0 0
303 117.151 117.151 0 0
304 117.436 117.436 0 0
305 117.785 117.785 0 0
306 118.116 118.116 0 0
307 118.459 118.459 0 0
308 118.78 118.78 0 0
309 119.069 119.069 0 0
310 119.354 119.354 0 0
311 119.673 119.673 0 0
312 119.937 119.937 0 0
313 120.289 120.289 0 0
314 120.338 120.338 0 0
315 120.435 120.435 0 0
316 120.533 120.533 0 0
317 120.635 120.635 0 0
318 120.735 120.735 0 0
319 120.834 120.834 0 0
320 120.931 120.931 0 0
321 121.027 121.027 0 0
322 121.12 121.12 0 0
323 121.218 121.218 0 0
324 121.346 121.346 0 0
325 121.511 121.511 0 0
326 121.742 121.742 0 0
327 122.07 122.07 0 0
328 122.29 122.29 0 0
329 122.542 122.542 0 0
330 122.832 122.832 0 0
331 123.054 123.054 0 0
332 123.29 123.29 0 0
333 123.559 123.559 0 0
334 123.808 123.808 0 0
335 124.063 124.063 0 0
336 124.314 124.314 0 0
337 124.556 124.556 0 0
338 124.792 124.792 0 0
339 125.036 125.036 0 0
340 125.291 125.291 0 0
341 125.548 125.548 0 0
342 125.79 125.79 0 0
343 126.021 126.021 0 0
344 126.255 126.255 0 0
345 126.508 126.508 0 0
346 126.771 126.771 0 0
347 127.021 127.021 0 0
348 127.247 127.247 0 0
349 127.468 127.468 0 0
350 127.712 127.712 0 0
351 127.983 127.983 0 0
352 128.208 128.208 0 0
353 128.441 128.441 0 0
354 128.696 128.696 0 0
355 128.959 128.959 0 0
356 129.177 129.177 0 0
357 129.399 129.399 0 0
358 129.65 129.65 0 0
359 129.924 129.924 0 0
360 130.135 130.135 0 0
361 130.355 130.355 0 0
362 130.612 130.612 0 0
363 130.861 130.861 0 0
364 131.115 131.115 0 0
365 131.354 131.354 0 0
366 131.575 131.575 0 0
367 131.797 131.797 0 0
368 132.041 132.041 0 0
369 132.304 132.304 0 0
370 132.521 132.521 0 0
371 132.744 132.744 0 0
372 132.993 132.993 0 0
373 133.256 133.256 0 0
374 133.466 133.466 0 0
375 133.683 133.683 0 0
376 133.932 133.932 0 0
377 134.204 134.204 0 0
378 134.405 134.405 0 0
379 134.617 134.617 0 0
380 134.872 134.872 0 0
381 135.117 135.117 0 0
382 135.37 135.37 0 0
383 135.605 135.605 0 0
384 135.818 135.818 0 0
385 136.031 136.031 0 0
386 136.271 136.271 0 0
387 136.533 136.533 0 0
388 136.742 136.742 0 0
389 136.959 136.959 0 0
390 137.206 137.206 0 0
391 137.469 137.469 0 0
392 137.669 137.669 0 0
393 137.876 137.876 0 0
394 138.125 138.125 0 0
395 138.369 138.369 0 0
396 138.619 138.619 0 0
397 138.848 138.848 0 0
398 139.055 139.055 0 0
399 139.265 139.265 0 0
400 139.504 139.504 0 0
401 139.766 139.766 0 0
402 139.967 139.967 0 0
403 140.177 140.177 0 0
404 140.423 140.423 0 0
405 140.659 140.659 0 0
406 140.901 140.901 0 0
407 141.129 141.129 0 0
408 141.341 141.341 0 0
409 141.552 141.552 0 0
410 141.784 141.784 0 0
411 142.033 142.033 0 0
412 142.242 142.242 0 0
413 142.456 142.456 0 0
414 142.692 142.692 0 0
415 142.941 142.941 0 0
416 143.144 143.144 0 0
417 143.352 143.352 0 0
418 143.588 143.588 0 0
419 143.844 143.844 0 0
420 144.04 144.04 0 0
421 144.244 144.244 0 0
422 144.485 144.485 0 0
423 144.719 144.719 0 0
424 144.958 144.958 0 0
425 145.182 145.182 0 0
426 145.386 145.386 0 0
427 145.593 145.593 0 0
428 145.822 145.822 0 0
429 146.071 146.071 0 0
430 146.271 146.271 0 0
431 146.479 146.479 0 0
432 146.713 146.713 0 0
433 146.964 146.964 0 0
434 147.157 147.157 0 0
435 147.357 147.357 0 0
436 147.593 147.593 0 0
437 147.826 147.826 0 0
438 148.064 148.064 0 0
439 148.283 148.283 0 0
440 148.482 148.482 0 0
441 148.685 148.685 0 0
442 148.913 148.913 0 0
443 149.161 149.161 0 0
444 149.355 149.355 0 0
445 149.557 149.557 0 0
446 149.791 149.791 0 0
447 150.018 150.018 0 0
448 150.138 150.138 0 0
449 150.228 150.228 0 0
450 150.33 150.33 0 0
451 150.433 150.433 0 0
452 150.535 150.535 0 0
453 150.638 150.638 0 0
454 150.741 150.741 0 0
455 150.845 150.845 0 0
456 150.949 150.949 0 0
457 151.054 151.054 0 0
458 151.16 151.16 0 0
459 151.277 151.277 0 0
460 151.427 151.427 0 0
461 151.596 151.596 0 0
462 151.761 151.761 0 0
463 151.922 151.922 0 0
464 152.085 152.085 0 0
465 152.247 152.247 0 0
466 152.43 152.43 0 0
467 152.691 152.691 0 0
468 152.952 152.952 0 0
469 153.179 153.179 0 0
470 153.418 153.418 0 0
471 153.659 153.659 0 0
472 153.889 153.889 0 0
473 154.106 154.106 0 0
474 154.326 154.326 0 0
475 154.563 154.563 0 0
476 154.812 154.812 0 0
477 155.05 155.05 0 0
478 155.265 155.265 0 0
479 155.475 155.475 0 0
480 155.704 155.704 0 0
481 155.96 155.96 0 0
482 156.178 156.178 0 0
483 156.403 156.403 0 0
484 156.644 156.644 0 0
485 156.89 156.89 0 0
486 157.121 157.121 0 0
487 157.334 157.334 0 0
488 157.549 157.549 0 0
489 157.786 157.786 0 0
490 158.043 158.043 0 0
491 158.254 158.254 0 0
492 158.47 158.47 0 0
493 158.713 158.713 0 0
494 158.972 158.972 0 0
495 159.176 159.176 0 0
496 159.388 159.388 0 0
497 159.633 159.633 0 0
498 159.901 159.901 0 0
499 160.098 160.098 0 0
500 160.306 160.306 0 0
501 160.557 160.557 0 0
502 160.8 160.8 0 0
503 161.051 161.051 0 0
504 161.283 161.283 0 0
505 161.492 161.492 0 0
506 161.703 161.703 0 0
507 161.942 161.942 0 0
508 162.204 162.204 0 0
509 162.41 162.41 0 0
510 162.625 162.625 0 0
511 162.872 162.872 0 0
512 163.138 163.138 0 0
513 163.335 163.335 0 0
514 163.541 163.541 0 0
515 163.791 163.791 0 0
516 164.037 164.037 0 0
517 164.289 164.289 0 0
518 164.496 164.496 0 0
519 164.706 164.706 0 0
520 164.947 164.947 0 0
521 165.215 165.215 0 0
522 165.415 165.415 0 0
523 165.627 165.627 0 0
524 165.877 165.877 0 0
525 166.118 166.118 0 0
526 166.364 166.364 0 0
527 166.596 166.596 0 0
528 166.81 166.81 0 0
529 167.025 167.025 0 0
530 167.261 167.261 0 0
531 167.518 167.518 0 0
532 167.73 167.73 0 0
533 167.948 167.948 0 0
534 168.19 168.19 0 0
535 168.447 168.447 0 0
536 168.654 168.654 0 0
537 168.866 168.866 0 0
538 169.11 169.11 0 0
539 169.377 169.377 0 0
540 169.576 169.576 0 0
541 169.785 169.785 0 0
542 170.036 170.036 0 0
543 170.279 170.279 0 0
544 170.528 170.528 0 0
545 170.759 170.759 0 0
546 170.97 170.97 0 0
547 171.183 171.183 0 0
548 171.422 171.422 0 0
549 171.684 171.684 0 0
550 171.891 171.891 0 0
551 172.106 172.106 0 0
552 172.352 172.352 0 0
553 172.617 172.617 0 0
554 172.816 172.816 0 0
555 173.024 173.024 0 0
556 173.273 173.273 0 0
557 173.519 173.519 0 0
558 173.77 173.77 0 0
559 174.001 174.001 0 0
560 174.209 174.209 0 0
561 174.421 174.421 0 0
562 174.662 174.662 0 0
563 174.928 174.928 0 0
564 175.131 175.131 0 0
565 175.343 175.343 0 0
566 175.592 175.592 0 0
567 175.834 175.834 0 0
568 176.08 176.08 0 0
569 176.311 176.311 0 0
570 176.526 176.526 0 0
571 176.742 176.742 0 0
572 176.98 176.98 0 0
573 177.236 177.236 0 0
574 177.448 177.448 0 0
575 177.666 177.666 0 0
576 177.909 177.909 0 0
577 178.168 178.168 0 0
578 178.374 178.374 0 0
579 178.586 178.586 0 0
580 178.832 178.832 0 0
581 179.1 179.1 0 0
582 179.299 179.299 0 0
583 179.507 179.507 0 0
584 179.759 179.759 0 0
585 180.003 180.003 0 0
586 180.254 180.254 0 0
587 180.486 180.486 0 0
588 180.696 180.696 0 0
589 180.909 180.909 0 0
590 181.149 181.149 0 0
591 181.209 181.209 0 0
592 181.306 181.306 0 0
593 181.403 181.403 0 0
594 181.497 181.497 0 0
595 181.591 181.591 0 0
596 181.685 181.685 0 0
597 181.777 181.777 0 0
598 181.869 181.869 0 0
599 181.96 181.96 0 0
600 182.05 182.05 0 0
601 182.14 182.14 0 0
602 182.241 182.241 0 0
603 182.378 182.378 0 0
604 182.565 182.565 0 0
605 182.833 182.833 0 0
606 183.025 183.025 0 0
607 183.243 183.243 0 0
608 183.481 183.481 0 0
609 183.666 183.666 0 0
610 183.858 183.858 0 0
611 184.082 184.082 0 0
612 184.301 184.301 0 0
613 184.523 184.523 0 0
614 184.732 184.732 0 0
615 184.925 184.925 0 0
616 185.122 185.122 0 0
617 185.338 185.338 0 0
618 185.57 185.57 0 0
619 185.761 185.761 0 0
620 185.957 185.957 0 0
621 186.177 186.177 0 0
622 186.412 186.412 0 0
623 186.599 186.599 0 0
624 186.791 186.791 0 0
625 187.014 187.014 0 0
626 187.258 187.258 0 0
627 187.437 187.437 0 0
628 187.625 187.625 0 0
629 187.854 187.854 0 0
630 188.075 188.075 0 0
631 188.303 188.303 0 0
632 188.514 188.514 0 0
633 188.705 188.705 0 0
634 188.897 188.897 0 0
635 189.115 189.115 0 0
636 189.354 189.354 0 0
637 189.541 189.541 0 0
638 189.737 189.737 0 0
639 189.962 189.962 0 0
640 190.205 190.205 0 0
641 190.384 190.384 0 0
642 190.572 190.572 0 0
643 190.801 190.801 0 0
644 191.025 191.025 0 0
645 191.255 191.255 0 0
646 191.444 191.444 0 0
647 191.636 191.636 0 0
648 191.856 191.856 0 0
649 192.099 192.099 0 0
650 192.283 192.283 0 0
651 192.477 192.477 0 0
652 192.705 192.705 0 0
653 192.925 192.925 0 0
654 193.15 193.15 0 0
655 193.362 193.362 0 0
656 193.558 193.558 0 0
657 193.755 193.755 0 0
658 193.971 193.971 0 0
659 194.205 194.205 0 0
660 194.4 194.4 0 0
661 194.599 194.599 0 0
662 194.821 194.821 0 0
663 195.056 195.056 0 0
664 195.246 195.246 0 0
665 195.441 195.441 0 0
666 195.664 195.664 0 0
667 195.907 195.907 0 0
668 196.091 196.091 0 0
669 196.283 196.283 0 0
670 196.512 196.512 0 0
671 196.735 196.735 0 0
672 196.963 196.963 0 0
673 197.175 197.175 0 0
674 197.369 197.369 0 0
675 197.565 197.565 0 0
676 197.785 197.785 0 0
677 198.024 198.024 0 0
678 198.214 198.214 0 0
679 198.412 198.412 0 0
680 198.638 198.638 0 0
681 198.88 198.88 0 0
682 199.064 199.064 0 0
683 199.256 199.256 0 0
684 199.485 199.485 0 0
685 199.71 199.71 0 0
686 199.941 199.941 0 0
687 200.153 200.153 0 0
688 200.345 200.345 0 0
689 200.54 200.54 0 0
690 200.762 200.762 0 0
691 201.006 201.006 0 0
692 201.193 201.193 0 0
693 201.389 201.389 0 0
694 201.618 201.618 0 0
695 201.84 201.84 0 0
696 202.067 202.067 0 0
697 202.28 202.28 0 0
698 202.477 202.477 0 0
699 202.677 202.677 0 0
700 202.897 202.897 0 0
701 203.133 203.133 0 0
702 203.328 203.328 0 0
703 203.529 203.529 0 0
704 203.753 203.753 0 0
705 203.992 203.992 0 0
706 204.182 204.182 0 0
707 204.379 204.379 0 0
708 204.605 204.605 0 0
709 204.853 204.853 0 0
710 205.036 205.036 0 0
711 205.229 205.229 0 0
712 205.461 205.461 0 0
713 205.687 205.687 0 0
714 205.918 205.918 0 0
715 206.133 206.133 0 0
716 206.328 206.328 0 0
717 206.524 206.524 0 0
718 206.746 206.746 0 0
719 206.989 206.989 0 0
720 207.181 207.181 0 0
721 207.38 207.38 0 0
722 207.609 207.609 0 0
723 207.856 207.856 0 0
724 208.039 208.039 0 0
725 208.232 208.232 0 0
726 208.464 208.464 0 0
727 208.692 208.692 0 0
728 208.926 208.926 0 0
729 209.141 209.141 0 0
730 209.334 209.334 0 0
731 209.53 209.53 0 0
732 209.754 209.754 0 0
733 210.002 210.002 0 0
734 210.19 210.19 0 0
735 210.387 210.387 0 0
736 210.62 210.62 0 0
737 210.844 210.844 0 0
738 211.073 211.073 0 0
739 211.289 211.289 0 0
740 211.489 211.489 0 0
741 211.69 211.69 0 0
742 211.911 211.911 0 0
743 212.15 212.15 0 0
744 212.23 212.23 0 0
745 212.34 212.34 0 0
746 212.451 212.451 0 0
747 212.56 212.56 0 0
748 212.67 212.67 0 0
749 212.78 212.78 0 0
750 212.891 212.891 0 0
751 213.002 213.002 0 0
752 213.114 213.114 0 0
753 213.227 213.227 0 0
754 213.388 213.388 0 0
755 213.61 213.61 0 0
756 213.915 213.915 0 0
757 214.097 214.097 0 0
758 214.307 214.307 0 0
759 214.574 214.574 0 0
760 214.787 214.787 0 0
761 215.017 215.017 0 0
762 215.261 215.261 0 0
763 215.495 215.495 0 0
764 215.707 215.707 0 0
765 215.909 215.909 0 0
766 216.13 216.13 0 0
767 216.38 216.38 0 0
768 216.595 216.595 0 0
769 216.818 216.818 0 0
770 217.052 217.052 0 0
771 217.287 217.287 0 0
772 217.51 217.51 0 0
773 217.721 217.721 0 0
774 217.937 217.937 0 0
775 218.17 218.17 0 0
776 218.414 218.414 0 0
777 218.645 218.645 0 0
778 218.854 218.854 0 0
779 219.058 219.058 0 0
780 219.284 219.284 0 0
781 219.538 219.538 0 0
782 219.747 219.747 0 0
783 219.963 219.963 0 0
784 220.201 220.201 0 0
785 220.448 220.448 0 0
786 220.652 220.652 0 0
787 220.859 220.859 0 0
788 221.095 221.095 0 0
789 221.352 221.352 0 0
790 221.551 221.551 0 0
791 221.759 221.759 0 0
792 222.001 222.001 0 0
793 222.237 222.237 0 0
794 222.477 222.477 0 0
795 222.702 222.702 0 0
796 222.911 222.911 0 0
797 223.123 223.123 0 0
798 223.356 223.356 0 0
799 223.606 223.606 0 0
800 223.812 223.812 0 0
801 224.024 224.024 0 0
802 224.261 224.261 0 0
803 224.515 224.515 0 0
804 224.716 224.716 0 0
805 224.924 224.924 0 0
806 225.164 225.164 0 0
807 225.426 225.426 0 0
808 225.62 225.62 0 0
809 225.823 225.823 0 0
810 226.069 226.069 0 0
811 226.308 226.308 0 0
812 226.553 226.553 0 0
813 226.78 226.78 0 0
814 226.986 226.986 0 0
815 227.193 227.193 0 0
816 227.427 227.427 0 0
817 227.685 227.685 0 0
818 227.887 227.887 0 0
819 228.097 228.097 0 0
820 228.34 228.34 0 0
821 228.575 228.575 0 0
822 228.814 228.814 0 0
823 229.04 229.04 0 0
824 229.252 229.252 0 0
825 229.466 229.466 0 0
826 229.699 229.699 0 0
827 229.947 229.947 0 0
828 230.157 230.157 0 0
829 230.372 230.372 0 0
830 230.607 230.607 0 0
831 230.857 230.857 0 0
832 231.064 231.064 0 0
833 231.276 231.276 0 0
834 231.513 231.513 0 0
835 231.768 231.768 0 0
836 231.971 231.971 0 0
837 232.18 232.18 0 0
838 232.421 232.421 0 0
839 232.684 232.684 0 0
840 232.879 232.879 0 0
841 233.083 233.083 0 0
842 233.33 233.33 0 0
843 233.57 233.57 0 0
844 233.816 233.816 0 0
845 234.044 234.044 0 0
846 234.25 234.25 0 0
847 234.458 234.458 0 0
848 234.694 234.694 0 0
849 234.954 234.954 0 0
850 235.156 235.156 0 0
851 235.366 235.366 0 0
852 235.61 235.61 0 0
853 235.847 235.847 0 0
854 236.088 236.088 0 0
855 236.315 236.315 0 0
856 236.528 236.528 0 0
857 236.742 236.742 0 0
858 236.976 236.976 0 0
859 237.226 237.226 0 0
860 237.437 237.437 0 0
861 237.652 237.652 0 0
862 237.889 237.889 0 0
863 238.141 238.141 0 0
864 238.348 238.348 0 0
865 238.56 238.56 0 0
866 238.799 238.799 0 0
867 239.058 239.058 0 0
868 239.259 239.259 0 0
869 239.468 239.468 0 0
870 239.712 239.712 0 0
871 239.952 239.952 0 0
872 240.197 240.197 0 0
873 240.423 240.423 0 0
874 240.633 240.633 0 0
875 240.846 240.846 0 0
876 241.083 241.083 0 0
877 241.339 241.339 0 0
878 241.545 241.545 0 0
879 241.756 241.756 0 0
880 241.999 241.999 0 0
881 242.261 242.261 0 0
882 242.355 242.355 0 0
883 242.482 242.482 0 0
884 242.617 242.617 0 0
885 242.752 242.752 0 0
886 242.884 242.884 0 0
887 243.017 243.017 0 0
888 243.15 243.15 0 0
889 243.285 243.285 0 0
890 243.453 243.453 0 0
891 243.627 243.627 0 0
892 243.794 243.794 0 0
893 243.959 243.959 0 0
894 244.126 244.126 0 0
895 244.293 244.293 0 0
896 244.495 244.495 0 0
897 244.772 244.772 0 0
898 244.989 244.989 0 0
899 245.229 245.229 0 0
900 245.477 245.477 0 0
901 245.679 245.679 0 0
902 245.885 245.885 0 0
903 246.122 246.122 0 0
904 246.383 246.383 0 0
905 246.579 246.579 0 0
906 246.785 246.785 0 0
907 247.03 247.03 0 0
908 247.266 247.266 0 0
909 247.507 247.507 0 0
910 247.734 247.734 0 0
911 247.942 247.942 0 0
912 248.152 248.152 0 0
913 248.383 248.383 0 0
914 248.634 248.634 0 0
915 248.84 248.84 0 0
916 249.053 249.053 0 0
917 249.29 249.29 0 0
918 249.543 249.543 0 0
919 249.743 249.743 0 0
920 249.949 249.949 0 0
921 250.188 250.188 0 0
922 250.451 250.451 0 0
923 250.643 250.643 0 0
924 250.846 250.846 0 0
925 251.091 251.091 0 0
926 251.328 251.328 0 0
927 251.573 251.573 0 0
928 251.799 251.799 0 0
929 252.004 252.004 0 0
930 252.21 252.21 0 0
931 252.443 252.443 0 0
932 252.698 252.698 0 0
933 252.9 252.9 0 0
934 253.11 253.11 0 0
935 253.35 253.35 0 0
936 253.608 253.608 0 0
937 253.801 253.801 0 0
938 254.003 254.003 0 0
939 254.246 254.246 0 0
940 254.486 254.486 0 0
941 254.731 254.731 0 0
942 254.955 254.955 0 0
943 255.157 255.157 0 0
944 255.363 255.363 0 0
945 255.598 255.598 0 0
946 255.857 255.857 0 0
947 256.053 256.053 0 0
948 256.259 256.259 0 0
949 256.502 256.502 0 0
950 256.737 256.737 0 0
951 256.976 256.976 0 0
952 257.202 257.202 0 0
953 257.41 257.41 0 0
954 257.62 257.62 0 0
955 257.85 257.85 0 0
956 258.099 258.099 0 0
957 258.305 258.305 0 0
958 258.517 258.517 0 0
959 258.753 258.753 0 0
960 258.916 258.916 0 0
961 258.999 258.999 0 0
962 259.292 259.292 0 0
963 259.56 259.56 0 0
964 259.782 259.782 0 0
965 260.024 260.024 0 0
966 260.266 260.266 0 0
967 260.484 260.484 0 0
968 260.684 260.684 0 0
969 260.894 260.894 0 0
970 261.136 261.136 0 0
971 261.366 261.366 0 0
972 261.6 261.6 0 0
973 261.826 261.826 0 0
974 262.04 262.04 0 0
975 262.253 262.253 0 0
976 262.48 262.48 0 0
977 262.72 262.72 0 0
978 262.954 262.954 0 0
979 263.168 263.168 0 0
980 263.373 263.373 0 0
981 263.592 263.592 0 0
982 263.836 263.836 0 0
983 264.055 264.055 0 0
984 264.279 264.279 0 0
985 264.508 264.508 0 0
986 264.737 264.737 0 0
987 264.958 264.958 0 0
988 265.175 265.175 0 0
989 265.395 265.395 0 0
990 265.625 265.625 0 0
991 265.858 265.858 0 0
992 266.083 266.083 0 0
993 266.296 266.296 0 0
994 266.51 266.51 0 0
995 266.738 266.738 0 0
996 266.978 266.978 0 0
997 267.21 267.21 0 0
998 267.423 267.423 0 0
999 267.628 267.628 0 0
